-1.311541878218240775e+01 -5.175721532081501763e+00 -7.399567887904570540e+00 -3.846984628135808215e+00 -1.084350820008103788e+01 -4.268955740730224768e+00 -5.869526595603869801e+00 -4.883659577351211034e+00 -1.121426134895488147e+00 -9.745860080106860224e+00
-2.086279289225164391e+01 -1.194630848252691280e+01 -1.519581139215460830e+01 -1.091094009445688329e+01 -2.066863512291961413e+01 -6.364323042114477857e+00 -1.290199782459737321e+01 -6.678899243823422260e+00 -1.314602955250244731e+00 -1.790528180270943537e+01
-1.728311507697835481e+01 -1.181906874009588648e+01 -1.247964169781901944e+01 -9.860855427408480978e+00 -1.792166815977477157e+01 -4.956206074441244169e+00 -1.068194288394616542e+01 -5.958773428344207090e+00 -8.229604969593669050e-01 -1.534145164072111989e+01
-8.465350538770801236e+00 -6.355123208679487767e+00 -9.316297238582862406e+00 -4.051673291662228671e+00 -9.180172094205369504e+00 -2.467737278528402189e+00 -7.372414263320798966e+00 -1.572509452091137350e+00 -1.018975383765210685e+00 -7.611911322373133615e+00
-9.022871179186305213e+00 -8.358868871134092160e+00 -4.985112575126579237e+00 -4.459152081403324530e+00 -8.933978630819259692e+00 -1.365503863183031852e+00 -5.679736456208287265e+00 -3.696328525968806122e+00 -7.786559067096887610e-01 -1.148094121930625811e+01
-1.722636700633054474e+01 -1.049852133237722107e+01 -1.164631559396979377e+01 -1.108966690659157628e+01 -1.565645135745168126e+01 -5.368502741522251043e+00 -1.022742654461992906e+01 -5.148910958296835538e+00 -9.097261361578026229e-01 -1.258614632356312946e+01
-1.223641663595464024e+01 -2.958481567009985547e+00 -8.893627029659798566e+00 -6.819246999709293711e+00 -1.022925209755070775e+01 -5.332807901644269322e+00 -6.745373279873600580e+00 -3.048672657613149095e+00 -7.746671445818515966e-01 -6.332543208006554458e+00
-1.362721993870826598e+00 -8.563787575704938648e-01 -1.424913373087090207e+00 -9.007771491766584093e-01 -1.242121223326383639e+00 8.975362808086181921e-02 -4.489131075331430076e-01 4.877520996221505478e-01 3.545751507384681811e-01 -1.017815326912097751e+00
-4.204160431237174755e+00 -3.175887306419824530e+00 -3.410417712155362491e+00 -3.389060057943365512e-01 -2.483991515380709725e+00 -3.807658094700590579e-01 -1.133484839045396209e+00 -1.520922126316870182e+00 -3.111287610675852466e-01 -4.166098268524716097e+00
-1.265979097863344061e+00 -3.360174683807384266e-01 4.787037203008570052e-01 -3.230231251174905949e-02 -1.545177989520896356e+00 -8.458007804746743297e-01 -6.943890628611792959e-01 8.451623960348858544e-01 -2.129495854391250664e-01 -1.014635344083584245e+00
-1.491785267710844565e+01 -7.052443341543267685e+00 -1.011461907086020595e+01 -7.899548306685311161e+00 -1.539037160836094564e+01 -3.111363006272998444e+00 -1.028285703218023173e+01 -4.350373927614899827e+00 -9.185248909439718279e-01 -1.221414319301748996e+01
-1.344631752512588818e+01 -7.873410260276148875e+00 -9.605053006445503527e+00 -7.210110858229463737e+00 -1.406087598192921817e+01 -4.029192844871114509e+00 -8.885570139364482145e+00 -4.891828813286223543e+00 -4.243164323399246651e-01 -1.221152396066597845e+01
-1.820127422919900440e+01 -1.081401604085392520e+01 -1.491032965780783393e+01 -9.862048675836238232e+00 -1.876253404607610875e+01 -7.237108410390804991e+00 -1.232185192418139330e+01 -6.908114789011296608e+00 -1.219549944532364538e+00 -1.794794129347089751e+01
6.386035633551365165e-02 -6.314240915439874868e-01 -1.251689618847320329e+00 3.130864691552978085e-01 -1.900144023446721953e+00 7.228461738891084343e-01 -1.054613905733828405e+00 -1.202525504006590973e+00 -9.242328404557961230e-01 -8.513881124707930459e-01
-1.166149466869793372e+01 -6.439637210269735235e+00 -6.433169066138613168e+00 -4.213047103050440612e+00 -9.004594491549761770e+00 -5.740747625937898668e+00 -4.108283110258105886e+00 -3.536612804873545013e+00 -1.795320710635764483e+00 -7.215915670590661968e+00
-1.655886674421865834e+01 -7.970265554492475424e+00 -1.025621191587166159e+01 -6.620505097210499734e+00 -1.368312552119472159e+01 -3.855383197018142916e+00 -7.857721075276470124e+00 -4.294948025314014650e+00 -8.396214113025638470e-01 -1.169386473835417029e+01
-1.029251330868149061e+01 -9.471974220309887116e+00 -8.906601230837010164e+00 -5.853928802584418278e+00 -1.176912866381798572e+01 -2.766427832191804548e+00 -6.911176501084532298e+00 -4.864972352414008938e+00 -1.266342143782184237e+00 -1.024291777813313331e+01
-1.490124388174506187e+01 -9.657232777425434733e+00 -9.464163144134097649e+00 -7.953671869531656391e+00 -1.508638825585135201e+01 -3.422554443004874880e+00 -8.559750053922975610e+00 -4.858921454129323081e+00 -9.324606223239610692e-02 -1.269909159430685364e+01
-1.121192921207148530e+01 -7.316007242094246799e+00 -5.775876320097816929e+00 -5.060415756298112910e+00 -1.116375894693879012e+01 -4.506150093786619237e+00 -5.213829675460285529e+00 -3.786093082129923904e+00 -3.158703638122267177e-01 -9.488070689295941662e+00
-7.107496206411810569e+00 -5.711207384349465954e+00 -5.159537961532604911e+00 -4.951153451212334744e+00 -7.291331284859884576e+00 -2.933268781229242617e+00 -2.509068827096128995e+00 -2.532987716495854524e+00 4.182893034282416100e-01 -5.968469707399421509e+00
-2.373853374409440775e+00 -2.195795050695584560e+00 -4.557793661742302049e+00 -1.048265053697093219e+00 -1.550150026620158661e+00 -2.448568208659026801e+00 -2.234349346208844622e+00 -4.843361057473352105e-01 -2.447403394508629315e-01 -2.504004315054983998e+00
-1.668585739790999156e+01 -9.418532388601583705e+00 -1.371345405673486972e+01 -8.001410559627363028e+00 -1.686172712800614093e+01 -5.015984172479774017e+00 -9.221671812800034118e+00 -5.675716130160572526e+00 -8.527092602988315395e-01 -1.406474089832563479e+01
-1.748755296056966557e+01 -9.955323512120767049e+00 -1.118374439328627545e+01 -7.986450532070044517e+00 -1.512202102015948491e+01 -5.495292583783264462e+00 -9.581914149004674641e+00 -5.770257683101760016e+00 -2.395090571011080360e-01 -1.553827696116380253e+01
-1.857587826019021904e+01 -1.274889737049786653e+01 -1.281895472023754046e+01 -1.080926600262985815e+01 -1.696173939484657112e+01 -6.502145442686148691e+00 -1.076647709399123976e+01 -6.451098226258514146e+00 -1.244030703894906997e+00 -1.558956580084038279e+01
-3.871459494847284244e+00 -3.247803447116678566e+00 -4.841275492894270727e+00 -2.369941357607898258e+00 -3.732439043858645000e+00 -2.481218292793283986e+00 -4.237213754222329598e+00 -1.648880467056030641e+00 -1.286704079207660500e+00 -2.878593778766771027e+00
-1.861210999712103487e+01 -1.022775439313748080e+01 -1.302898501280677657e+01 -1.002224462445594000e+01 -1.970890015967145814e+01 -6.832253752402634994e+00 -1.086918799831218152e+01 -6.029366639555579610e+00 -1.097587017984309909e+00 -1.610870689448376680e+01
-1.267894261575039039e+01 -6.030349184353081426e+00 -1.052048787746353575e+01 -8.943955057337181103e+00 -1.371264614543338034e+01 -3.416824258621925292e+00 -9.193586601459152519e+00 -3.495512445104141719e+00 -5.151684950309978195e-01 -1.097052306308603065e+01
-1.502443246153942447e+01 -6.681146211857240225e+00 -1.015631254787478532e+01 -8.920340619883608824e+00 -1.471181349564344210e+01 -4.659318575108208016e+00 -6.749747096651341316e+00 -6.497240698056991448e+00 -1.177277852586869900e+00 -1.260402856097182500e+01
-4.414222352087461054e+00 -5.207898184777671746e-01 -2.406562686563193942e+00 -5.682567663982381889e-01 -4.634572965408545464e+00 -2.716540075223984552e+00 -3.423477824416983673e+00 -1.958967092729904547e+00 3.455188479893407383e-01 -4.367009041677828662e+00
-1.033085944852163607e+01 -5.873238762681943115e+00 -5.754114551954069512e+00 -3.891250582041923423e+00 -9.042942191146941866e+00 -5.034442727040559618e+00 -4.572742165142461346e+00 -2.001744987465381875e+00 -8.301056171724472410e-01 -5.926020196311132082e+00
-1.329450684107248470e+01 -8.102407429026552421e+00 -1.204781082140347870e+01 -5.608710464732260093e+00 -1.317103177396366753e+01 -2.766901458366415767e+00 -8.050621684573785686e+00 -4.584945666685958265e+00 -1.452842153413835602e+00 -1.383333410240387806e+01
-5.304395127161024348e+00 -1.161214314591040075e+00 -6.904705238276748425e+00 -4.225037400927124764e+00 -5.705919277300974812e+00 -1.128491973248421543e+00 -3.735879712523003437e+00 -1.645108299425334764e+00 -1.276957210289797251e+00 -5.803350829582991643e+00
-2.101062266485060093e+01 -1.205453751709991828e+01 -1.493383466539735949e+01 -1.066529850863000206e+01 -2.013657473979094092e+01 -6.796676026630071199e+00 -1.160471538275222159e+01 -7.337787816482078007e+00 -2.084941626502664125e+00 -1.768491766683788669e+01
